name: sysbio_plots
channels:
  - conda-forge
  - bioconda
  - defaults
dependencies:
  - asttokens=2.4.1=pyhd8ed1ab_0
  - backcall=0.2.0=pyh9f0ad1d_0
  - bzip2=1.0.8=hcfcfb64_5
  - ca-certificates=2023.11.17=h56e8100_0
  - colorama=0.4.6=pyhd8ed1ab_0
  - comm=0.2.1=pyhd8ed1ab_0
  - debugpy=1.8.0=py39h99910a6_1
  - decorator=5.1.1=pyhd8ed1ab_0
  - executing=2.0.1=pyhd8ed1ab_0
  - importlib-metadata=7.0.1=pyha770c72_0
  - importlib_metadata=7.0.1=hd8ed1ab_0
  - ipykernel=6.29.0=pyha63f2e9_0
  - ipython=8.12.0=pyh08f2357_0
  - jedi=0.19.1=pyhd8ed1ab_0
  - jupyter_client=8.6.0=pyhd8ed1ab_0
  - jupyter_core=5.7.1=py39hcbf5309_0
  - libffi=3.4.2=h8ffe710_5
  - libsodium=1.0.18=h8d14728_1
  - libsqlite=3.44.2=hcfcfb64_0
  - libzlib=1.2.13=hcfcfb64_5
  - matplotlib-inline=0.1.6=pyhd8ed1ab_0
  - nest-asyncio=1.6.0=pyhd8ed1ab_0
  - openssl=3.2.0=hcfcfb64_1
  - packaging=23.2=pyhd8ed1ab_0
  - parso=0.8.3=pyhd8ed1ab_0
  - pickleshare=0.7.5=py_1003
  - pip=23.3.2=pyhd8ed1ab_0
  - platformdirs=4.1.0=pyhd8ed1ab_0
  - prompt-toolkit=3.0.42=pyha770c72_0
  - prompt_toolkit=3.0.42=hd8ed1ab_0
  - psutil=5.9.8=py39ha55989b_0
  - pure_eval=0.2.2=pyhd8ed1ab_0
  - pygments=2.17.2=pyhd8ed1ab_0
  - python=3.9.18=h4de0772_1_cpython
  - python-dateutil=2.8.2=pyhd8ed1ab_0
  - python_abi=3.9=4_cp39
  - pywin32=306=py39h99910a6_2
  - pyzmq=25.1.2=py39h7eaf5a6_0
  - setuptools=69.0.3=pyhd8ed1ab_0
  - six=1.16.0=pyh6c4a22f_0
  - stack_data=0.6.2=pyhd8ed1ab_0
  - tk=8.6.13=h5226925_1
  - tornado=6.3.3=py39ha55989b_1
  - traitlets=5.14.1=pyhd8ed1ab_0
  - typing_extensions=4.9.0=pyha770c72_0
  - ucrt=10.0.22621.0=h57928b3_0
  - vc=14.3=hcf57466_18
  - vc14_runtime=14.38.33130=h82b7239_18
  - vs2015_runtime=14.38.33130=hcb4865c_18
  - wcwidth=0.2.13=pyhd8ed1ab_0
  - wheel=0.42.0=pyhd8ed1ab_0
  - xz=5.2.6=h8d14728_0
  - zeromq=4.3.5=h63175ca_0
  - zipp=3.17.0=pyhd8ed1ab_0
  - pip:
    - anndata==0.10.5.post1
    - array-api-compat==1.4.1
    - contourpy==1.2.0
    - cycler==0.12.1
    - deprecated==1.2.14
    - exceptiongroup==1.2.0
    - fonttools==4.47.2
    - get-annotations==0.1.2
    - h5py==3.10.0
    - igraph==0.11.3
    - importlib-resources==6.1.1
    - joblib==1.3.2
    - kiwisolver==1.4.5
    - leidenalg==0.10.2
    - llvmlite==0.41.1
    - matplotlib==3.8.2
    - natsort==8.4.0
    - networkx==3.2.1
    - numba==0.58.1
    - numpy==1.26.3
    - pandas==1.5.3
    - patsy==0.5.6
    - pillow==10.2.0
    - pydot==2.0.0
    - pynndescent==0.5.11
    - pyparsing==3.1.1
    - pytz==2023.3.post1
    - scanpy==1.9.8
    - scib==1.1.4
    - scikit-learn==1.4.0
    - scikit-misc==0.3.1
    - scipy==1.12.0
    - seaborn==0.13.2
    - session-info==1.0.0
    - statsmodels==0.14.1
    - stdlib-list==0.10.0
    - texttable==1.7.0
    - threadpoolctl==3.2.0
    - tqdm==4.66.1
    - tzdata==2023.4
    - umap-learn==0.5.5
    - wrapt==1.16.0
prefix: C:\Users\49176\anaconda3\envs\sysbio_plots
